287	103
327	76
134	135
476	103
426	88
351	136
269	115
366	137
259	105
287	75
144	6
180	94
437	106
111	108
194	137
459	51
358	49
385	133
59	48
492	23
462	115
453	109
166	58
51	107
430	28
323	116
147	50
471	30
459	10
199	100
4	32
177	55
349	25
291	75
285	5
275	7
64	132
315	57
498	22
491	47
375	75
433	134
415	138
435	4
165	52
339	14
395	130
212	55
115	50
141	127
120	115
455	25
463	25
107	62
29	91
11	16
221	6
492	129
283	59
439	51
237	19
468	46
458	124
143	58
96	7
271	98
369	132
7	56
65	112
384	13
48	34
267	123
122	103
335	87
92	67
151	14
278	135
79	98
93	40
325	82
79	58
438	7
173	34
458	64
79	90
251	70
155	43
119	120
171	4
111	43
83	96
271	74
495	134
47	13
468	19
495	104
452	106
66	115
494	59
170	10
362	22
51	57
9	134
79	53
23	69
91	74
67	72
60	16
157	43
219	117
165	49
407	108
114	132
497	24
251	31
241	76
123	104
23	73
133	131
101	19
84	7
460	94
148	61
107	53
351	75
95	16
311	21
487	111
318	3
299	60
395	101
183	133
360	100
121	67
219	121
438	3
215	5
171	90
39	2
246	6
219	53
385	82
411	40
348	88
14	85
223	76
396	13
41	67
56	1
1	66
335	55
185	70
155	5
267	15
319	114
66	22
315	124
437	5
499	93
327	92
271	28
360	124
103	26
247	76
404	91
59	28
493	71
19	114
395	42
491	71
494	136
139	110
86	131
477	67
109	124
479	4
455	110
131	54
206	10
263	58
243	118
364	34
26	0
145	82
273	73
3	17
179	31
492	4
387	121
112	131
277	136
168	40
118	132
379	10
332	70
39	73
159	78
179	26
244	130
121	112
321	121
464	4
21	134
35	40
455	102
213	134
139	63
11	62
102	19
319	104
255	93
343	66
197	16
359	70
393	37
485	79
443	83
331	10
267	86
424	1
490	112
423	126
445	94
235	89
359	50
86	25
129	135
460	76
233	52
224	46
135	110
151	94
123	78
129	137
74	127
29	106
187	126
331	108
431	121
183	84
27	111
402	97
172	106
451	135
125	127
178	91
392	10
28	112
162	61
191	50
37	97
280	136
367	45
212	28
435	28
359	109
36	61
336	61
165	132
68	16
346	70
379	128
235	126
494	108
136	88
131	113
385	10
254	49
467	114
429	58
104	134
147	95
231	28
282	28
102	22
300	118
346	46
87	124
369	121
86	106
94	70
41	49
90	91
457	25
355	131
248	34
48	52
145	112
475	10
369	82
131	102
43	26
371	29
148	64
385	6
83	34
11	32
433	64
399	3
278	136
8	43
317	49
120	76
152	16
113	64
243	10
288	135
440	76
499	22
411	70
31	73
143	133
492	51
31	19
199	4
65	73
259	22
73	52
87	78
382	6
112	55
115	17
415	88
5	117
490	19
474	109
277	112
270	28
335	53
323	94
355	101
95	26
431	28
158	2
493	92
39	69
56	103
381	43
438	118
97	46
283	87
153	127
195	76
413	28
4	58
297	115
256	61
195	43
396	135
337	4
281	112
0	5
227	54
445	1
375	5
486	16
43	52
497	66
267	113
267	129
146	91
217	34
385	0
180	112
442	58
335	47
421	136
197	132
311	115
183	4
34	73
127	51
5	26
395	85
263	116
46	61
124	10
117	37
419	95
71	8
431	54
364	121
166	100
447	73
265	97
287	24
331	34
327	137
412	76
247	40
215	27
272	37
128	135
163	20
37	94
374	133
342	25
96	88
6	30
443	35
383	86
123	18
486	43
235	95
378	43
421	121
475	11
60	79
152	115
470	82
403	56
103	55
254	136
95	33
288	3
125	5
103	11
173	19
241	13
122	138
69	22
215	69
227	113
448	118
74	67
73	135
459	136
493	76
304	132
84	58
308	118
76	4
487	57
479	93
311	88
95	6
69	40
440	100
180	10
338	97
299	75
118	109
75	3
200	103
28	34
257	76
288	16
367	109
211	22
483	15
498	94
400	46
278	137
82	97
18	124
23	8
127	86
431	116
368	121
101	94
103	54
291	115
154	85
203	58
210	121
387	53
188	43
375	11
271	65
304	64
43	104
275	70
412	19
88	25
91	46
403	137
184	3
398	82
178	55
411	129
403	85
374	22
488	3
210	64
256	131
196	61
375	77
207	127
309	67
38	64
409	22
180	127
251	113
287	126
443	85
269	100
415	132
379	56
211	15
375	35
385	70
123	113
375	4
483	38
195	122
336	49
392	133
318	22
61	82
86	88
87	9
366	34
281	82
308	52
275	29
71	105
340	133
146	55
248	22
318	4
46	10
11	19
212	61
23	68
238	3
481	76
361	61
211	112
54	88
141	25
456	109
211	120
455	83
49	94
5	81
315	66
135	123
97	61
430	10
2	32
128	37
255	43
465	79
448	52
83	112
468	31
190	10
439	136
116	124
194	6
59	99
358	19
347	2
351	88
375	130
409	88
51	73
314	67
6	0
421	115
17	136
251	80
379	43
242	79
55	3
263	7
453	16
393	134
312	1
256	4
32	0
443	77
304	109
98	88
323	82
441	130
332	127
60	106
390	135
398	0
394	22
403	86
207	62
55	9
368	137
375	137
409	106
384	109
399	59
83	50
1	74
344	136
447	92
12	109
403	92
331	66
43	28
7	23
103	108
299	109
235	128
160	67
138	103
243	50
115	54
406	76
462	28
174	19
72	88
75	42
64	40
123	4
123	86
3	90
233	61
210	40
365	64
419	48
163	120
483	112
450	49
83	98
278	118
47	78
426	19
283	117
427	69
256	28
151	35
255	19
465	97
397	138
116	55
404	124
59	52
196	103
14	58
5	8
255	45
275	10
143	119
64	121
365	52
6	46
487	32
336	121
225	5
181	6
361	135
362	112
12	3
335	99
283	57
29	10
299	83
379	110
467	117
79	75
140	7
485	134
160	131
159	115
245	58
375	81
55	107
346	49
150	121
477	133
421	67
210	2
356	19
30	132
255	62
440	82
79	30
226	37
482	3
239	75
289	79
453	115
491	3
136	136
491	4
23	112
389	121
387	31
143	99
178	100
459	31
416	3
456	40
65	5
143	60
483	25
254	134
235	60
2	68
480	127
127	14
498	57
229	132
55	104
398	85
211	17
486	97
289	61
366	55
334	70
83	74
119	3
392	0
355	136
272	19
487	134
486	106
9	127
162	136
35	35
334	91
195	84
99	118
127	98
271	136
315	64
79	18
373	70
496	112
12	136
36	133
287	60
167	45
468	106
308	70
295	89
342	130
456	79
232	115
490	135
186	19
431	82
485	91
268	118
451	76
53	100
243	106
324	37
160	55
449	79
299	93
459	46
324	109
171	116
355	73
473	97
170	13
245	94
309	76
359	106
434	106
2	30
334	49
435	116
43	115
99	35
159	22
475	84
13	106
210	130
492	94
303	126
355	87
193	61
187	73
287	20
143	128
162	85
224	70
195	2
343	4
118	10
195	40
342	1
244	52
264	91
103	68
117	82
384	16
150	135
395	121
359	85
491	25
327	112
456	124
495	43
287	27
435	17
0	132
315	31
89	2
165	133
71	80
296	28
398	109
257	43
15	78
6	70
258	46
306	127
95	84
63	63
43	66
365	121
6	62
285	40
375	21
335	49
79	79
123	79
326	100
22	130
277	106
137	46
280	134
482	118
143	3
263	106
178	7
112	91
71	18
73	67
354	34
53	34
384	94
397	131
431	53
345	106
247	58
390	103
187	101
247	6
220	73
20	5
110	127
355	35
7	110
183	75
292	1
381	70
429	138
217	10
288	4
47	88
18	85
455	95
180	5
434	79
319	15
11	85
137	61
190	3
476	134
477	130
496	69
340	137
355	122
134	103
188	97
419	69
164	132
116	34
171	122
94	76
189	2
317	40
487	95
390	25
373	135
467	66
123	114
33	52
410	6
294	97
234	103
209	58
451	54
417	10
197	133
270	130
178	6
391	23
93	94
419	57
258	100
326	64
375	47
207	92
51	3
303	71
134	136
51	39
1	53
143	90
134	5
175	20
375	133
292	55
249	137
247	7
47	24
152	134
323	69
477	85
243	54
84	43
153	124
497	29
315	32
425	64
300	121
415	134
115	10
494	138
192	139
469	64
484	132
162	73
260	91
99	92
104	43
3	118
84	82
194	97
42	112
125	2
465	3
146	134
322	136
59	117
63	120
190	115
233	46
123	16
142	85
333	109
463	27
335	103
251	82
270	138
31	78
303	138
459	58
247	45
259	117
487	21
407	72
383	0
344	4
299	9
195	90
312	139
325	7
279	112
398	31
381	67
300	1
492	57
75	131
286	0
254	138
137	137
373	118
94	82
491	46
102	37
79	28
258	7
379	133
435	25
128	137
386	43
223	28
8	131
332	13
51	129
355	10
64	4
332	34
149	135
129	106
255	63
176	52
96	79
350	0
439	64
218	49
426	136
496	89
123	88
409	7
71	81
5	118
192	28
409	132
153	112
37	34
448	31
460	19
315	29
479	40
179	90
67	30
88	10
181	73
214	22
319	115
180	100
191	92
159	127
346	31
439	100
171	108
173	133
197	43
399	112
63	65
15	19
97	76
360	76
419	38
287	107
115	122
239	58
78	7
403	123
291	57
475	17
353	70
459	71
216	91
490	67
499	59
194	76
70	121
149	134
158	115
157	138
207	26
139	99
236	13
351	99
227	14
287	66
212	91
85	43
431	51
467	0
221	79
89	34
92	28
321	67
361	73
33	115
296	106
456	70
498	93
489	79
33	139
310	7
17	31
74	112
344	5
80	31
139	28
195	73
127	50
48	76
41	34
351	16
456	82
35	111
458	88
289	97
414	79
333	127
151	47
66	137
103	119
159	44
188	82
446	138
442	130
28	6
259	40
262	52
33	100
255	26
75	35
99	26
490	10
17	124
211	8
339	134
405	25
473	124
348	139
254	115
355	24
359	69
441	88
12	133
336	4
65	97
366	4
210	132
388	10
319	43
338	31
146	10
457	134
202	121
225	4
55	32
351	100
89	43
471	107
167	68
321	94
163	92
418	25
171	13
349	79
170	88
268	76
299	6
280	43
139	89
281	37
43	101
336	3
63	46
317	16
98	136
79	97
169	135
395	106
268	28
159	71
232	40
347	39
3	39
126	124
227	64
137	139
292	130
379	129
443	47
159	79
415	25
131	58
11	64
423	75
198	76
423	32
360	13
307	16
331	99
496	97
339	81
272	4
327	44
416	131
329	76
22	91
197	67
47	68
222	52
123	51
155	114
99	100
458	7
248	132
50	118
110	139
379	40
154	121
135	51
411	127
50	61
471	3
87	116
228	103
37	136
477	136
381	100
470	25
269	25
475	47
443	54
166	91
344	61
213	7
234	139
331	125
369	124
179	122
303	10
39	98
324	100
43	76
295	100
141	82
467	10
324	94
9	94
215	137
124	3
420	34
495	82
236	1
119	53
128	130
174	58
427	80
144	25
350	91
99	39
327	11
319	47
6	37
366	25
140	13
231	98
231	115
276	100
384	121
408	10
403	58
127	6
167	105
319	102
378	132
183	64
115	108
192	109
473	3
144	82
410	88
155	100
456	25
84	28
381	10
111	74
330	85
393	25
333	28
287	13
499	39
231	103
391	99
90	58
241	91
395	39
425	43
124	109
315	44
120	70
277	130
419	73
391	55
221	130
372	103
68	97
299	39
98	121
170	121
7	131
133	49
432	100
76	134
298	112
59	94
106	46
417	31
167	16
401	61
63	131
412	73
84	79
489	1
291	65
251	45
278	70
491	37
262	133
72	131
301	132
35	19
141	132
367	43
488	97
71	112
299	50
393	28
236	10
175	13
405	136
95	56
145	7
152	139
4	73
494	125
174	22
69	76
227	13
16	55
315	79
398	1
354	76
214	94
449	127
23	134
494	0
456	91
42	135
16	5
184	70
1	25
397	100
194	115
119	83
167	21
383	118
87	81
93	134
162	46
181	134
247	84
299	4
31	92
208	133
495	109
231	79
493	55
27	68
336	34
267	18
326	4
59	16
397	76
194	73
45	46
43	60
23	91
109	34
30	73
216	134
25	109
254	25
267	80
324	134
422	52
459	59
391	54
208	34
479	7
327	28
55	8
450	112
222	106
137	138
182	28
15	136
89	70
319	131
173	37
169	5
167	44
234	73
71	50
483	91
43	43
154	76
179	55
311	67
214	16
311	13
299	32
387	44
347	47
89	134
165	5
106	5
275	135
340	106
327	51
230	4
69	121
164	4
123	107
252	64
269	130
431	108
341	97
461	91
144	40
317	58
279	110
151	75
298	13
343	74
71	44
473	76
376	137
187	99
113	133
139	68
14	121
87	30
179	33
348	132
42	115
271	59
166	76
239	122
207	68
71	84
480	19
356	40
9	46
74	4
287	7
19	65
447	49
496	43
383	96
411	118
242	73
327	136
111	135
479	136
195	42
311	49
420	52
188	7
252	130
380	34
177	46
83	57
29	97
442	5
289	124
36	10
154	34
355	65
206	134
263	98
293	103
291	122
403	63
438	55
262	22
367	98
333	7
39	34
470	31
260	94
105	4
456	85
296	109
327	135
95	60
71	7
126	37
447	119
343	97
472	22
310	127
298	40
227	44
162	40
65	130
275	45
193	52
99	81
276	112
216	76
220	16
31	10
403	49
25	67
309	34
139	92
399	99
62	127
32	112
74	55
279	86
307	18
6	7
250	131
86	61
363	108
323	123
19	40
66	127
5	130
415	4
192	112
175	33
340	28
323	19
205	55
388	5
138	64
26	73
82	106
384	64
255	82
225	52
79	43
148	124
160	25
237	118
492	107
499	85
109	61
247	31
213	46
434	134
190	109
169	61
159	37
440	40
236	31
381	137
180	40
219	85
31	58
149	94
136	121
471	80
15	130
331	88
492	112
279	99
313	133
21	100
252	94
475	40
248	112
368	133
419	28
119	0
487	104
187	41
302	19
49	115
445	127
11	77
324	16
45	76
283	29
311	90
0	129
332	106
301	79
59	57
59	49
175	101
9	49
71	51
158	22
12	55
182	13
7	20
146	3
306	132
261	118
79	136
487	87
405	135
167	37
299	105
70	70
216	16
423	51
170	49
75	135
236	137
4	26
359	36
96	121
7	103
123	47
371	32
235	88
81	52
412	5
435	62
221	25
399	96
186	16
399	89
354	5
291	105
156	40
421	31
293	133
379	132
35	103
471	13
2	11
189	1
5	27
112	3
294	121
20	64
139	66
371	23
290	131
133	5
69	70
315	112
149	138
387	107
133	31
286	85
107	118
398	49
471	49
167	41
385	135
153	19
34	85
7	62
249	4
11	74
438	124
73	82
7	53
273	133
484	109
234	82
325	76
332	115
251	16
219	27
247	112
46	28
243	53
187	113
250	34
414	106
147	121
373	58
87	24
479	129
173	91
151	12
407	16
347	139
363	61
281	70
329	13
408	134
338	136
427	51
99	82
459	76
331	47
56	118
251	59
226	139
412	109
252	49
482	73
355	44
390	76
219	88
267	51
154	6
136	4
498	116
175	131
487	22
480	13
31	134
75	95
238	136
396	133
127	15
203	64
17	94
335	100
149	130
445	82
122	25
102	109
279	102
56	31
248	58
303	55
447	105
67	2
419	39
100	97
163	12
378	5
141	10
69	25
348	115
213	6
248	118
296	22
446	1
309	43
367	115
263	35
267	19
474	88
303	100
131	120
187	56
280	28
374	70
235	3
435	47
348	130
312	109
251	68
80	94
217	131
82	34
151	93
385	100
74	61
158	64
15	105
230	97
256	85
76	10
378	115
185	37
339	135
147	46
305	124
142	13
92	13
358	118
436	82
123	64
251	34
178	79
2	46
383	54
107	132
118	76
240	94
439	95
405	134
163	21
327	43
396	106
351	113
29	13
115	27
470	46
171	124
102	106
235	46
262	131
352	31
446	5
146	7
192	97
253	88
23	109
110	46
55	21
99	41
487	61
269	46
402	61
220	10
494	134
426	85
388	131
194	133
233	103
391	79
451	92
343	67
431	68
457	31
405	58
22	34
4	44
103	137
11	109
495	100
494	12
395	17
171	51
120	55
143	108
19	104
201	31
147	64
132	127
153	3
467	57
129	100
487	28
466	91
389	139
173	40
239	107
467	58
251	25
359	127
385	132
284	103
183	67
111	50
443	121
265	22
251	130
391	18
429	134
436	37
213	109
301	136
344	37
173	3
30	6
399	32
415	133
289	34
398	5
364	132
499	120
143	26
135	64
116	10
165	19
105	52
42	52
338	106
43	100
450	76
84	134
174	34
207	87
405	55
387	101
29	6
264	16
466	2
142	109
327	41
112	58
411	47
155	135
131	110
173	28
64	100
291	88
343	50
281	7
381	138
275	18
467	105
145	3
106	131
295	76
251	114
53	97
322	109
475	48
492	6
307	100
99	105
199	43
463	38
98	61
200	7
455	73
298	31
27	131
427	117
398	58
26	5
111	81
41	40
11	126
171	134
289	134
343	126
493	72
443	92
431	115
3	58
489	61
225	19
439	70
442	127
329	3
307	86
53	37
327	111
348	5
475	13
475	75
62	76
312	133
494	77
301	52
130	13
411	114
76	58
99	31
247	133
51	132
411	19
495	1
71	115
187	32
295	3
131	91
23	52
283	139
407	14
28	73
435	42
343	7
291	30
439	31
194	13
459	16
452	6
451	108
79	39
322	43
206	5
248	13
148	73
340	37
5	18
337	28
231	40
134	31
483	85
359	17
459	22
367	75
354	124
421	76
451	58
259	58
239	24
359	133
135	61
448	133
255	69
92	115
223	69
389	135
335	84
163	22
88	76
279	127
219	119
360	43
427	114
339	21
242	121
14	130
107	33
335	19
427	116
316	121
431	67
329	82
114	124
92	22
340	139
251	10
54	135
239	136
182	76
184	97
295	136
35	25
243	5
237	121
317	13
497	39
118	55
47	73
98	16
379	22
239	57
144	135
280	97
359	111
43	103
447	61
438	132
486	73
159	101
106	135
360	85
492	84
388	64
419	6
242	7
162	7
434	55
154	131
295	129
254	10
39	15
31	66
171	63
320	0
97	134
95	113
454	7
463	131
5	24
334	132
121	37
7	96
196	55
106	115
309	6
115	31
491	93
19	119
362	106
128	4
240	22
430	115
492	135
212	52
5	105
383	71
239	128
350	6
102	112
296	135
451	62
451	14
191	59
288	121
50	37
43	89
159	83
491	97
255	88
275	89
322	91
439	110
483	100
251	110
207	41
246	88
416	118
182	16
163	9
373	46
11	36
87	94
463	112
379	120
91	24
276	64
192	79
436	131
213	13
327	63
120	136
415	128
343	104
307	15
335	134
299	52
263	129
174	3
81	19
53	40
391	43
87	22
279	108
326	55
215	9
127	111
227	41
402	76
181	76
483	70
83	82
367	37
351	45
174	16
279	111
423	138
23	29
15	117
336	25
375	101
105	16
458	13
10	106
392	37
243	132
18	136
403	59
47	67
403	17
455	28
188	55
111	40
484	3
79	50
205	58
5	28
407	17
308	73
270	103
155	92
83	91
265	121
237	70
267	94
285	73
459	133
91	27
496	26
147	57
97	6
408	25
167	108
343	120
493	118
111	34
225	135
263	125
301	13
172	37
455	33
81	43
35	96
167	104
81	133
25	118
230	82
382	124
119	104
175	31
426	1
1	115
446	13
191	96
342	22
224	82
13	28
105	64
455	51
198	52
355	94
215	38
478	127
202	40
169	130
215	56
330	16
307	127
291	31
228	131
429	46
331	107
135	17
356	135
454	58
327	59
55	135
439	43
19	129
18	67
24	37
319	57
181	127
104	70
243	121
471	95
128	127
270	1
243	85
455	65
111	21
240	134
337	85
71	75
443	127
227	84
315	99
378	37
366	94
272	40
307	80
18	40
218	109
498	25
460	25
254	97
153	37
399	39
455	98
257	64
73	127
20	135
322	1
229	64
443	12
97	109
499	87
50	115
215	118
353	82
31	26
331	53
21	16
307	111
96	112
149	73
389	64
487	3
324	61
190	70
351	104
80	118
483	50
410	61
33	25
54	5
113	70
377	85
387	52
344	55
67	73
368	97
111	133
3	113
499	8
19	23
51	26
3	20
313	121
339	113
487	119
116	82
196	115
257	49
31	85
451	120
107	104
202	103
245	0
323	24
302	31
223	16
383	47
446	97
55	18
54	61
410	70
107	56
154	118
115	77
457	49
301	2
1	60
247	21
123	33
32	121
95	88
279	42
341	132
423	118
355	74
384	73
48	55
189	6
25	137
28	115
208	70
57	118
136	16
429	4
189	58
451	24
192	19
174	40
245	132
263	93
290	94
157	64
414	118
223	117
125	82
11	53
147	122
226	121
243	90
16	118
380	28
395	48
192	76
475	72
195	110
158	94
99	86
32	137
461	100
175	66
199	3
361	34
137	106
473	67
381	133
299	45
2	82
151	99
173	70
212	130
199	42
150	76
426	28
283	15
436	79
495	94
249	52
185	49
373	85
315	136
293	43
356	109
280	67
485	70
239	49
87	131
29	118
11	102
219	72
455	7
494	58
389	13
196	1
413	67
294	133
6	68
371	122
230	115
312	61
192	52
122	70
175	136
421	118
189	25
156	58
394	131
299	51
113	58
285	70
358	106
163	84
72	76
75	91
231	85
239	78
414	134
337	103
214	40
109	94
135	130
202	109
202	25
363	5
192	4
273	31
282	118
240	133
452	70
141	16
461	132
146	1
307	40
254	55
496	70
367	130
99	59
439	50
145	46
307	52
88	97
431	73
283	111
354	134
175	80
137	97
291	73
79	135
239	53
403	1
29	121
488	73
56	58
370	100
389	100
30	40
278	40
396	73
148	112
188	118
119	56
359	9
451	53
69	46
86	70
483	43
435	57
52	4
327	105
132	34
174	73
170	43
468	70
138	79
394	79
139	27
491	59
451	101
1	122
32	115
221	55
124	2
371	102
4	69
355	111
15	5
437	46
379	72
204	97
294	82
98	52
187	117
90	13
367	87
74	130
106	134
319	24
485	103
327	54
430	64
23	59
300	133
459	78
76	1
332	16
311	52
381	112
327	74
199	69
413	34
59	73
142	25
167	36
256	109
446	94
391	118
291	81
272	121
126	133
360	67
59	102
151	132
235	30
475	112
496	57
434	121
398	40
452	52
403	95
185	79
379	119
299	92
153	76
319	2
443	23
65	28
428	28
166	3
311	77
51	139
365	61
376	94
39	7
299	26
463	17
488	58
200	138
440	22
251	97
297	7
91	94
455	4
494	87
391	65
184	58
397	58
125	19
36	6
391	128
122	67
195	57
47	85
68	2
80	3
424	124
102	7
193	124
221	1
356	46
323	95
211	32
23	76
191	35
383	125
358	79
75	14
159	117
35	5
89	91
431	37
443	95
411	128
229	100
275	20
207	19
446	40
473	19
443	16
169	79
130	46
79	27
220	130
323	128
319	11
79	12
343	16
137	25
191	68
183	45
83	15
42	109
139	49
19	30
422	118
491	52
89	19
395	58
340	124
159	21
322	4
239	123
391	30
347	43
479	75
439	13
198	118
321	4
164	64
88	4
487	129
485	138
75	63
494	73
211	78
363	51
327	68
411	73
260	121
39	67
417	52
423	132
121	134
6	118
74	109
17	43
229	5
248	46
377	133
103	23
458	127
374	28
263	81
320	1
483	129
34	70
67	91
32	4
46	100
240	13
319	73
391	105
267	108
68	135
322	133
262	138
111	4
198	82
271	80
203	116
278	134
431	46
67	76
14	13
127	25
167	31
237	67
159	128
345	127
296	137
238	55
155	127
446	58
59	8
19	51
479	23
483	109
98	6
192	133
337	55
403	94
324	136
200	0
339	128
147	21
136	64
343	12
179	92
415	45
23	56
359	67
236	52
86	10
51	59
320	124
167	56
168	94
300	127
3	37
139	52
427	13
4	11
263	71
30	19
463	51
403	113
285	6
331	12
374	100
300	109
412	3
403	67
347	49
20	19
313	5
464	91
320	139
351	32
90	3
111	134
281	106
84	34
93	58
361	7
171	112
377	127
39	115
367	65
5	102
159	45
3	52
187	115
15	75
95	91
343	123
194	131
143	115
367	122
167	14
342	115
299	19
411	80
151	18
303	19
67	36
122	28
486	31
358	132
394	136
71	56
223	51
239	110
427	71
71	74
56	91
199	25
257	31
207	126
407	57
207	7
231	2
411	135
54	3
134	37
292	31
183	41
173	73
256	112
127	27
461	64
259	30
407	84
148	91
21	135
412	61
447	67
202	4
423	19
35	135
203	51
149	31
96	31
160	134
7	27
310	22
111	82
117	137
80	130
89	31
385	43
145	137
271	17
301	73
291	61
359	92
479	123
95	52
88	131
135	87
318	133
244	132
59	26
367	13
369	127
24	34
431	95
210	73
105	46
183	134
347	89
369	115
211	19
319	10
159	10
15	134
6	110
279	30
335	60
215	100
139	103
315	9
394	100
19	44
433	73
194	10
291	86
307	124
352	67
298	138
170	5
457	67
127	91
59	19
401	91
61	2
325	73
12	115
96	134
443	38
308	2
339	25
195	1
68	124
259	21
200	2
27	63
103	18
113	132
394	64
362	132
403	117
4	57
232	4
269	97
165	73
283	50
95	2
175	32
428	97
494	62
272	49
137	109
32	134
152	3
375	87
439	84
495	86
266	2
236	61
308	82
359	32
143	64
349	40
109	73
245	131
485	43
75	5
369	40
204	134
133	34
323	11
279	43
140	109
451	114
314	43
283	81
373	73
327	129
452	10
279	113
361	139
423	99
244	10
312	88
359	89
132	73
363	48
437	135
416	134
193	112
495	77
73	70
271	30
181	37
291	69
158	82
20	22
482	43
219	67
232	58
131	77
255	106
63	136
210	70
234	6
132	31
304	137
480	0
5	100
451	119
353	22
268	67
36	5
307	117
404	13
295	59
131	61
5	9
119	16
116	64
131	82
332	136
418	64
267	125
442	135
479	109
489	94
19	132
356	103
435	111
91	11
31	122
463	50
378	130
279	5
317	94
276	37
496	83
289	131
13	25
255	128
474	22
463	108
391	107
481	97
149	61
355	25
220	5
223	21
151	73
355	95
418	139
135	32
93	7
362	137
423	31
94	135
266	103
291	112
355	121
373	94
107	8
166	115
275	95
74	134
319	4
237	16
23	47
435	78
233	136
419	5
383	102
451	87
454	127
222	55
422	73
437	139
350	52
42	70
53	131
429	109
423	29
77	91
255	50
259	132
127	133
468	130
471	18
55	72
11	1
355	129
383	60
237	106
297	43
331	31
303	64
302	115
379	78
46	16
323	100
413	73
499	81
424	6
459	99
349	88
307	35
286	6
320	37
135	37
491	131
67	22
147	44
227	48
207	78
458	73
104	5
83	94
250	22
259	36
427	122
451	83
263	68
284	70
15	63
235	51
131	68
177	5
220	106
77	131
359	66
246	118
123	81
210	6
404	82
350	79
84	67
192	118
400	130
27	81
58	132
249	67
182	121
290	136
184	7
79	10
212	103
210	16
419	56
320	97
277	0
82	58
352	73
99	13
133	88
476	55
389	5
151	66
343	15
182	5
425	103
213	55
475	93
117	16
287	32
123	103
83	102
411	78
412	28
186	137
363	25
337	135
415	80
299	130
429	136
356	118
407	25
99	46
339	111
331	41
246	94
79	8
119	69
1	51
183	65
203	109
271	130
34	121
465	10
7	50
303	102
37	64
304	97
41	70
339	82
237	28
307	17
421	79
481	127
492	65
165	25
184	132
420	2
291	4
463	6
282	136
207	47
238	19
9	118
489	127
67	108
119	71
308	100
495	61
159	91
168	25
151	25
451	80
108	5
4	125
131	89
475	121
379	47
334	2
250	10
443	74
115	21
55	34
169	82
491	23
88	103
199	110
305	135
290	7
198	134
233	31
400	67
431	61
141	55
107	76
62	58
31	17
255	64
447	65
435	16
265	3
100	10
450	91
151	10
218	82
19	86
430	121
11	106
219	45
81	3
479	25
106	49
5	35
63	33
420	135
76	7
403	7
335	3
375	1
1	79
74	25
185	121
498	8
475	96
271	71
241	121
119	89
254	106
83	54
308	25
475	58
366	6
471	69
376	13
153	1
181	43
231	3
10	6
419	40
15	88
303	69
263	61
13	1
47	136
119	91
190	85
476	121
95	35
402	139
138	10
387	103
210	88
83	7
355	137
255	138
102	97
321	37
52	97
371	85
462	124
441	79
110	91
186	25
82	91
71	39
19	84
443	36
498	65
363	45
395	78
167	12
79	64
351	29
356	28
103	24
324	5
15	73
281	118
116	1
191	106
221	5
303	67
338	94
470	124
368	49
87	86
231	42
269	40
390	22
345	6
272	1
81	124
178	130
419	85
41	5
331	132
151	74
371	95
194	43
314	70
5	88
476	6
8	40
130	3
351	26
63	125
200	88
460	5
46	13
68	115
191	66
267	136
439	56
348	73
443	17
497	50
411	27
303	81
300	135
211	41
292	28
371	47
324	115
174	37
123	133
235	111
327	13
264	7
483	17
396	37
170	137
225	124
324	79
99	33
307	36
459	108
101	106
136	61
99	19
231	99
431	71
124	112
459	40
304	79
127	105
61	34
55	105
419	19
293	55
35	104
379	49
226	136
42	10
235	47
0	32
191	24
85	40
272	97
41	94
43	32
70	55
381	25
98	91
362	130
493	24
303	9
18	88
123	29
268	127
44	103
481	94
292	97
215	123
139	80
239	83
477	31
481	34
51	74
387	40
103	87
474	82
95	125
436	91
455	124
391	6
322	134
371	100
25	76
430	97
327	73
415	40
240	100
213	76
467	139
290	10
463	33
487	98
481	49
360	121
99	122
405	130
207	71
143	61
414	132
413	85
135	114
347	133
439	65
340	131
193	135
43	75
439	17
170	134
155	17
439	40
166	49
55	6
140	94
148	70
92	3
408	131
451	9
290	52
122	131
456	37
65	46
325	25
491	62
38	94
232	73
13	10
343	128
452	138
11	6
187	49
363	96
4	55
91	25
357	22
365	76
207	8
171	126
101	103
43	47
449	124
226	118
307	43
304	52
323	126
431	107
222	136
399	107
311	65
199	44
419	30
403	70
52	79
491	99
494	39
148	115
181	64
67	1
268	37
327	75
474	6
83	55
157	73
302	58
410	138
190	43
199	10
256	2
226	4
458	106
356	25
414	6
22	19
54	109
199	60
437	7
16	52
177	25
4	68
310	124
471	110
132	112
108	100
429	5
290	28
215	110
58	73
481	134
183	49
14	67
28	19
343	116
321	85
330	67
348	91
411	125
307	58
297	52
392	115
108	16
263	83
135	12
464	79
121	94
135	81
373	43
147	135
88	55
438	70
155	10
63	128
7	1
271	93
103	7
298	16
24	124
42	133
370	64
319	6
123	1
367	5
283	83
255	12
35	71
119	47
4	27
143	71
285	25
9	19
150	4
476	73
52	118
494	25
166	13
383	73
20	4
262	6
53	137
412	55
3	57
347	87
218	19
274	106
27	45
443	126
118	79
147	32
204	79
484	34
312	106
71	78
299	46
85	52
248	135
82	133
193	34
487	110
287	4
442	6
351	79
459	34
195	99
63	85
400	70
291	44
342	103
495	6
176	6
453	124
437	55
479	135
127	127
157	131
103	107
243	107
219	13
214	135
466	5
481	10
40	5
206	82
418	7
188	136
406	37
439	106
7	64
387	60
329	133
55	102
163	4
143	24
173	2
216	100
111	53
200	64
230	130
473	130
107	36
79	9
379	86
14	115
10	85
499	127
417	79
230	112
151	137
251	105
375	84
87	46
399	57
83	120
142	135
114	130
6	119
428	73
175	47
261	5
207	36
263	76
171	16
118	40
439	5
51	23
95	76
491	16
315	108
182	85
351	38
111	29
331	33
6	100
113	91
204	4
61	3
491	119
375	19
263	18
304	82
35	38
95	24
357	4
243	104
60	64
307	22
485	115
68	109
391	134
250	58
149	13
391	127
440	2
160	10
127	22
379	74
257	133
454	13
275	40
417	127
116	132
428	88
351	102
102	6
359	45
187	98
139	11
455	77
167	18
494	117
347	65
133	25
295	128
423	71
45	136
122	4
423	103
40	40
206	73
267	41
102	28
491	44
51	108
292	131
7	69
376	3
207	128
477	28
181	61
391	7
323	67
83	0
335	0
175	15
363	70
355	46
187	50
410	16
303	44
372	121
300	2
298	19
445	118
271	88
73	5
419	34
238	76
166	135
463	18
280	91
407	26
132	103
367	11
49	2
199	101
71	64
403	101
163	99
363	2
338	13
483	12
430	137
318	34
401	135
135	14
275	104
233	82
254	137
48	16
87	89
51	126
386	85
103	95
458	109
399	13
421	131
327	133
111	100
230	100
243	88
315	75
286	49
157	100
97	4
477	70
426	3
385	55
251	26
246	133
453	13
197	121
459	67
467	25
183	113
162	64
471	14
234	136
446	85
459	110
63	61
308	49
131	20
325	46
77	0
119	21
455	127
271	103
211	92
291	49
60	0
436	136
208	115
487	135
255	44
3	41
475	99
191	34
392	1
210	112
375	41
427	105
463	104
138	5
348	49
333	34
420	7
447	84
259	43
351	20
125	76
331	28
367	101
242	91
472	58
479	49
241	79
63	11
291	6
290	64
65	132
124	132
84	112
119	43
187	109
412	34
457	16
481	88
13	132
184	134
91	41
442	55
335	81
17	67
422	37
499	122
471	27
58	139
496	111
108	136
127	93
271	20
423	139
172	115
295	35
472	6
96	97
127	34
70	64
42	132
347	119
110	49
31	128
207	2
491	88
387	6
296	139
163	130
90	73
227	42
489	2
33	58
375	10
189	94
75	81
264	79
282	97
314	40
239	15
371	104
421	85
313	131
467	82
451	4
97	28
139	96
236	22
155	104
196	67
139	79
287	125
238	61
103	25
44	4
473	121
472	131
225	64
266	46
351	74
129	25
111	114
115	84
234	134
123	132
47	120
155	117
397	6
335	123
462	70
93	5
280	133
163	102
208	132
151	130
275	99
5	77
379	118
216	136
4	134
278	112
247	108
32	58
356	133
229	137
350	135
486	40
447	33
195	132
232	127
303	96
123	139
142	7
319	23
398	22
0	33
419	74
34	100
334	139
319	100
287	11
407	23
63	69
438	137
227	31
261	43
276	103
355	18
179	36
337	40
168	3
441	40
191	117
7	41
335	117
395	68
87	84
407	40
96	19
250	85
395	62
351	27
306	130
208	124
328	130
343	93
492	109
225	133
496	37
194	91
185	134
401	100
212	10
424	131
139	12
367	86
295	66
279	128
455	9
447	38
59	82
358	22
175	103
287	108
296	49
96	73
121	4
340	40
335	121
246	127
381	134
117	70
362	25
259	63
439	55
209	70
438	49
34	34
202	10
30	97
208	61
186	97
139	102
98	94
65	55
403	77
61	10
217	106
117	85
0	96
487	125
127	43
239	30
439	2
307	133
475	91
156	118
351	109
39	110
257	10
485	25
131	46
464	127
243	20
6	76
213	52
66	13
147	29
404	49
102	49
56	73
301	34
475	100
378	103
332	97
6	123
23	18
475	110
94	25
381	118
209	5
209	112
251	28
71	67
381	40
496	130
226	103
358	6
452	73
111	118
209	91
271	92
75	51
411	60
466	124
415	55
111	85
327	49
488	103
207	112
413	58
122	55
290	43
354	16
269	10
24	130
48	118
235	96
353	138
303	56
175	25
477	124
406	70
88	73
430	103
273	134
107	97
431	111
1	18
230	106
79	132
486	5
464	134
86	49
405	109
418	112
218	7
499	16
360	31
472	100
444	7
415	52
205	4
115	25
465	134
4	3
251	117
351	5
476	135
347	59
243	21
378	73
112	61
291	47
408	43
373	40
403	54
283	35
128	7
309	134
445	79
451	32
460	85
282	137
447	125
263	19
448	46
445	6
55	79
435	70
16	64
28	118
493	33
446	6
187	23
143	30
104	91
195	113
459	15
391	115
204	109
205	106
496	81
35	97
153	79
360	94
120	131
175	91
158	132
187	22
443	133
144	34
375	127
286	4
463	44
422	13
420	133
247	32
424	137
204	124
127	56
19	50
400	76
447	58
360	79
347	25
263	108
331	67
447	36
167	116
475	21
114	4
423	59
184	46
267	83
423	130
206	133
12	7
95	53
103	38
259	67
498	46
295	43
228	5
331	103
303	114
312	137
419	88
39	78
305	16
471	98
408	94
73	79
304	124
494	33
379	11
183	14
227	11
29	94
365	16
11	110
451	18
168	34
291	43
397	34
327	108
238	49
436	40
468	34
422	43
155	130
460	49
387	116
76	100
86	58
80	58
417	100
110	112
261	138
239	43
159	138
388	3
183	74
119	115
371	14
215	46
170	103
43	105
327	122
227	78
322	46
64	28
348	55
38	3
117	124
491	31
295	81
489	130
311	17
37	31
415	95
235	29
369	100
255	110
220	121
331	68
43	119
276	91
493	127
123	36
333	91
345	5
480	139
395	124
441	100
447	91
274	135
195	23
5	34
215	34
315	103
384	19
368	91
480	43
426	103
189	31
211	54
270	16
185	131
419	25
163	81
331	130
277	133
182	133
252	16
193	22
400	121
387	65
218	40
4	117
349	4
138	37
311	23
97	2
295	62
434	130
140	121
406	124
99	34
247	113
223	13
235	102
124	25
290	88
372	91
393	40
237	94
258	109
123	128
339	90
480	28
274	7
151	45
215	33
339	132
480	31
326	112
413	5
22	94
450	97
6	102
394	88
284	6
148	134
239	11
351	28
498	39
429	19
159	4
22	4
349	70
431	87
428	5
256	103
341	22
220	131
446	55
215	20
303	60
170	6
123	56
18	46
367	36
274	73
361	2
91	51
149	5
246	10
74	97
321	106
279	106
259	2
263	49
38	88
196	79
440	25
199	14
463	81
469	6
303	117
163	34
286	37
138	28
131	59
351	64
336	19
497	30
4	111
193	7
43	20
253	127
117	58
123	17
45	13
102	124
495	59
334	52
283	38
39	85
383	15
315	59
224	133
459	86
191	84
444	136
62	10
159	42
118	135
495	64
424	103
488	134
425	76
496	113
243	130
199	94
427	47
395	112
461	5
444	61
143	103
155	86
73	88
170	31
217	112
287	6
359	130
396	137
464	106
352	61
91	83
447	39
382	22
388	22
444	19
403	30
155	53
181	85
408	64
431	64
101	139
475	19
5	69
103	125
32	31
313	85
360	103
477	91
399	62
299	42
263	99
10	40
135	52
223	133
325	130
196	70
119	5
67	26
420	58
146	4
71	130
448	79
416	132
216	64
15	98
214	64
494	19
448	82
259	129
179	57
270	121
283	6
195	8
449	88
72	130
493	15
18	130
233	133
101	28
357	16
407	114
299	37
268	100
199	130
219	23
471	102
207	117
280	40
445	31
202	22
465	103
459	103
233	28
242	124
322	124
388	7
203	30
243	109
39	56
410	127
404	0
313	0
5	51
345	136
404	4
343	132
312	112
368	3
283	100
491	72
346	4
406	64
370	130
48	64
26	139
367	27
362	115
311	5
495	137
139	2
103	5
347	28
261	22
308	58
389	49
76	5
155	123
264	67
283	73
63	114
451	95
492	126
44	37
259	125
163	138
87	64
496	103
323	114
447	77
263	121
387	30
163	17
3	42
415	86
475	16
403	60
227	99
168	127
493	59
371	77
351	73
440	28
186	3
7	116
291	99
340	109
451	98
0	52
295	95
54	91
12	67
395	129
427	109
220	103
6	53
172	43
54	94
135	97
433	43
27	100
48	88
188	13
223	105
474	132
263	63
394	109
83	70
292	85
391	2
406	130
1	23
312	94
186	76
293	37
306	133
168	43
28	16
13	52
246	46
463	115
372	28
61	97
106	61
303	93
170	70
251	44
475	85
127	106
4	83
411	44
460	139
142	49
299	22
77	112
459	90
443	135
386	61
100	94
27	86
335	48
427	135
89	79
477	7
130	76
179	73
285	79
108	132
206	131
56	40
24	133
345	109
359	3
287	133
5	84
66	91
235	82
388	79
169	109
411	109
91	120
365	46
494	54
390	132
491	34
303	82
497	94
414	7
95	119
195	108
492	98
181	55
485	85
186	106
52	64
276	85
137	5
454	22
45	139
466	22
91	111
70	79
123	48
383	52
415	20
124	88
0	101
382	88
263	102
214	130
426	121
442	4
383	17
169	34
471	94
324	52
259	28
430	52
254	124
224	112
379	109
459	35
171	21
463	93
475	128
255	100
399	79
90	112
28	106
423	127
247	9
11	139
235	22
497	11
163	46
115	86
491	5
349	85
307	26
147	12
319	1
493	79
94	79
492	97
232	70
348	64
431	0
101	43
115	16
402	6
279	33
155	28
34	61
383	9
451	40
357	94
319	139
64	135
82	0
151	134
301	25
14	135
35	48
240	67
343	47
167	19
134	121
123	2
363	106
247	5
256	132
139	112
374	76
175	120
314	115
420	55
431	56
67	38
129	91
289	37
135	84
47	30
389	25
262	70
434	136
366	31
239	14
325	124
220	91
402	22
143	23
415	91
205	37
395	50
305	70
288	70
50	133
337	61
444	103
371	58
22	88
492	52
194	19
388	46
399	17
385	5
66	85
267	77
0	102
57	3
385	37
339	79
205	61
366	19
51	41
370	97
197	135
175	85
373	5
257	55
216	115
42	55
146	115
17	132
326	6
162	52
497	60
284	82
23	97
379	105
383	2
431	44
456	67
437	40
269	79
281	100
424	136
475	124
447	8
419	46
323	16
203	39
388	19
13	135
301	22
306	73
80	139
0	86
130	100
358	76
76	130
61	76
391	136
313	79
109	28
362	109
315	114
243	30
275	77
427	75
172	4
330	106
150	106
228	79
352	10
387	70
437	64
359	108
91	49
363	131
309	112
143	15
366	131
412	88
211	108
411	72
328	3
92	85
495	12
330	79
43	111
439	19
267	71
94	16
323	111
436	34
200	131
17	137
297	103
43	46
232	13
175	29
380	49
402	124
59	58
376	100
155	131
58	7
221	138
86	134
161	52
242	1
259	136
343	124
449	25
390	136
460	97
287	2
61	52
266	76
380	67
433	31
290	91
395	9
68	136
241	7
142	34
78	88
6	117
148	10
433	88
55	27
113	136
311	9
327	114
227	67
244	16
116	5
499	102
319	88
263	38
99	113
91	58
63	7
362	37
45	4
131	104
351	127
19	135
63	66
117	133
291	74
152	19
188	64
299	137
326	52
191	51
146	0
277	40
287	95
468	37
123	26
245	73
407	76
235	41
462	112
3	30
206	132
391	47
224	115
150	73
192	40
432	61
391	73
207	12
142	4
376	118
54	46
396	138
184	133
229	70
263	15
295	104
347	78
55	63
343	30
427	42
368	34
455	70
489	10
455	67
203	49
219	99
263	32
447	72
384	79
195	62
221	40
427	28
43	110
244	131
305	61
284	139
87	72
135	65
88	5
493	70
257	106
251	128
418	67
395	127
248	67
78	31
335	106
55	123
207	40
210	25
104	88
231	43
447	117
423	8
195	116
242	61
214	46
354	136
115	130
183	79
31	38
445	85
75	110
368	25
221	131
181	70
255	40
2	37
14	4
177	7
474	135
350	109
471	53
196	2
493	82
444	22
168	131
63	56
161	31
450	94
62	97
113	106
496	128
296	13
313	2
439	102
59	66
359	74
307	42
238	0
339	91
441	70
433	40
183	63
388	52
483	45
282	103
348	137
459	65
265	100
103	33
189	121
191	28
492	17
339	87
29	31
260	37
168	16
305	49
26	46
327	8
399	95
358	40
193	132
8	70
469	88
172	136
299	78
171	135
255	23
209	25
346	79
113	100
496	106
389	134
496	17
19	13
344	85
419	52
313	136
34	37
373	133
0	82
29	28
428	4
360	134
191	133
212	135
147	59
262	136
483	81
423	56
452	88
459	14
495	107
0	54
197	28
12	37
339	112
386	127
433	133
255	32
61	88
467	104
219	17
384	127
78	37
258	22
92	94
104	109
2	124
196	7
4	103
155	40
216	112
183	52
235	2
178	118
99	73
4	81
61	55
15	48
317	138
396	25
466	37
19	20
394	16
383	44
361	0
179	51
490	124
421	132
351	42
111	33
316	106
176	103
453	22
482	13
251	136
346	106
17	79
53	133
488	139
202	7
433	7
187	75
210	115
415	66
131	107
493	134
39	77
31	39
275	30
355	26
135	120
41	2
444	70
223	53
474	64
483	89
448	64
359	56
215	87
291	91
259	24
13	34
311	119
393	3
17	61
418	52
440	127
37	55
259	102
195	97
127	48
255	59
87	21
380	40
494	135
142	82
164	88
493	125
203	6
319	86
261	139
377	25
471	39
391	130
167	98
185	5
251	131
363	105
125	70
45	61
420	82
4	89
84	19
96	76
71	104
95	123
205	132
420	16
213	34
122	88
390	0
215	114
256	70
129	121
9	135
303	50
173	7
493	86
411	41
199	88
88	70
24	55
4	72
371	84
126	10
498	24
343	108
456	6
286	13
375	104
82	127
34	0
152	85
466	112
114	134
406	22
328	132
279	67
383	78
159	52
9	100
131	2
213	137
222	135
4	33
99	117
399	45
375	80
469	132
283	77
401	28
59	112
489	6
86	34
0	45
218	52
419	11
451	46
374	138
495	84
11	105
257	132
97	124
400	85
19	12
23	125
250	19
330	100
223	89
461	28
379	130
94	19
369	112
210	85
475	22
407	115
321	13
215	117
320	43
389	19
20	58
431	66
182	34
201	5
16	67
139	41
107	30
77	106
111	24
483	116
91	67
497	52
279	63
423	47
32	135
225	25
399	115
75	114
399	61
263	127
169	76
333	130
316	4
57	28
383	35
227	16
399	108
175	6
448	97
478	25
251	38
78	91
372	3
107	84
235	117
226	76
23	67
319	129
19	32
163	48
139	83
396	19
95	45
39	11
258	70
44	79
216	131
308	135
133	67
244	85
444	28
67	105
278	131
175	124
377	55
93	115
480	34
313	34
254	16
475	7
127	54
483	111
410	133
423	86
24	10
145	88
107	43
46	127
440	0
27	106
31	62
68	28
5	125
361	58
183	100
361	13
31	33
443	84
170	16
427	56
347	42
404	137
79	6
352	91
126	85
403	115
339	33
421	97
447	41
287	98
227	124
296	5
315	116
379	85
414	127
467	97
36	134
55	128
271	91
83	103
335	54
436	28
353	91
432	10
52	67
163	53
322	79
62	4
146	94
83	131
304	16
211	23
47	45
371	44
103	31
341	19
220	133
120	133
191	124
314	2
391	68
362	138
376	37
215	10
134	82
243	71
204	85
288	97
150	136
173	112
307	106
281	25
131	94
253	3
142	52
454	115
424	37
162	109
499	121
5	67
237	58
367	117
420	136
293	28
75	45
259	3
34	40
404	58
343	49
151	103
285	52
91	29
206	3
28	127
495	132
363	90
360	4
190	94
384	112
485	106
203	68
126	55
378	28
170	112
59	131
189	130
223	113
116	134
495	53
498	85
139	136
194	127
184	52
311	62
335	15
91	63
320	49
321	3
112	136
83	47
193	103
22	6
51	90
393	73
179	71
329	55
236	130
412	10
367	78
435	122
371	118
248	16
423	6
76	118
361	6
381	37
57	49
195	121
47	89
491	112
271	82
498	120
468	100
415	111
251	20
411	130
434	97
264	115
307	71
300	76
139	127
227	9
226	109
75	32
428	6
407	97
29	133
69	67
92	97
123	7
27	95
355	114
379	17
434	135
275	92
42	88
399	21
175	12
351	132
79	131
134	85
472	37
270	7
467	59
359	126
203	124
35	112
493	23
442	85
430	112
239	40
102	31
474	55
105	115
179	125
459	137
199	93
390	134
184	4
119	130
370	70
248	4
419	133
407	32
452	136
120	34
59	20
105	6
185	61
266	3
17	10
123	110
391	94
369	10
428	79
176	61
153	25
63	78
63	20
299	15
171	10
177	40
431	65
236	4
356	2
469	40
139	105
140	91
334	136
383	109
143	129
443	24
30	31
325	52
399	94
179	107
191	47
315	89
493	63
453	118
71	106
368	135
428	134
343	44
498	72
280	37
128	76
95	0
427	6
143	122
95	51
481	16
67	133
91	35
81	37
2	51
438	138
215	78
318	58
195	33
136	91
295	23
392	2
125	115
87	121
252	106
452	82
51	72
493	37
431	35
3	117
50	73
77	109
390	94
300	49
279	90
179	5
432	28
0	74
329	132
188	88
40	37
155	31
83	135
283	63
100	88
255	98
355	70
355	128
268	115
93	19
103	63
163	82
376	43
239	76
457	76
423	41
99	58
2	121
347	18
280	109
439	61
455	45
488	91
439	35
231	27
387	79
335	98
424	46
53	1
474	1
333	22
360	91
41	91
152	132
44	136
120	52
202	28
482	115
329	73
315	20
155	63
138	134
41	55
71	79
179	4
254	130
170	34
343	5
175	113
464	131
331	114
402	49
275	52
131	133
305	67
127	118
305	103
6	39
14	28
216	46
244	46
443	119
1	33
318	76
103	46
79	80
287	115
287	128
369	22
370	4
190	6
499	92
197	112
65	6
293	6
374	132
351	82
15	76
271	84
463	111
351	69
447	111
293	10
291	97
495	0
327	9
434	133
194	67
95	106
111	71
373	124
69	2
306	137
393	109
171	114
24	76
472	88
172	67
491	43
494	70
83	22
91	135
393	97
343	100
353	67
143	137
82	124
400	109
15	33
427	21
161	49
345	91
305	46
482	4
14	91
247	4
287	123
207	114
295	97
211	28
387	54
38	85
455	6
67	100
422	25
40	55
403	35
135	79
299	5
490	70
411	111
279	120
355	133
393	118
226	55
426	46
482	131
263	23
328	118
201	94
282	40
471	32
251	96
350	94
123	22
333	132
349	100
114	85
402	5
393	133
300	61
292	79
417	67
131	127
268	34
352	109
103	10
347	88
105	13
341	2
5	4
459	29
380	127
107	130
220	43
491	28
281	16
463	45
55	130
359	24
321	0
87	40
132	40
155	82
335	89
104	55
446	109
366	130
159	49
462	73
427	66
382	131
178	73
235	83
481	135
439	116
403	48
23	16
168	97
90	19
99	60
496	127
179	83
252	4
219	48
205	115
492	36
274	132
367	48
470	133
477	94
11	79
460	136
224	97
464	97
190	40
54	49
231	19
467	50
479	81
15	104
407	110
4	53
63	121
332	43
131	138
289	52
199	96
315	130
431	49
344	73
428	109
264	31
338	132
339	3
262	79
107	85
98	0
187	105
370	124
61	132
250	55
261	67
391	32
171	31
68	133
217	103
178	61
195	0
151	65
215	131
417	40
255	97
327	27
493	74
175	16
442	52
263	74
406	121
303	73
45	133
290	37
195	5
465	61
381	88
211	101
23	55
201	25
287	40
191	29
283	104
235	55
307	69
7	135
111	2
425	25
402	34
256	139
343	134
285	22
157	106
251	0
365	136
19	16
443	78
451	78
104	131
47	16
55	2
43	134
339	8
408	106
443	115
4	20
112	106
183	43
382	76
442	7
116	37
13	118
490	34
251	53
472	118
379	136
450	37
215	2
225	82
163	95
176	76
299	128
405	19
197	22
315	1
109	103
170	82
464	19
106	94
465	43
13	31
342	28
281	97
155	46
486	88
271	40
265	61
254	34
29	79
243	135
411	103
437	85
252	25
236	7
60	19
455	30
415	24
252	37
36	13
319	92
235	14
377	73
319	127
96	10
439	60
127	21
135	83
376	55
179	7
74	88
175	119
31	86
119	20
27	90
342	31
279	71
231	87
396	4
148	31
252	134
341	52
163	56
408	46
17	131
227	40
372	52
440	16
11	98
19	56
407	59
7	58
444	49
295	91
376	4
27	104
354	127
402	127
49	49
396	109
234	121
176	85
447	40
70	97
433	100
283	102
175	14
111	128
115	36
369	58
424	22
199	33
453	139
403	51
178	106
75	7
297	109
327	78
43	94
284	130
68	10
303	139
428	85
23	58
207	10
245	67
495	39
295	31
3	115
495	5
110	130
269	109
409	37
183	35
323	13
203	136
454	100
75	43
120	91
64	25
451	66
29	34
51	11
287	58
256	91
231	46
215	127
165	6
322	22
331	97
202	34
371	10
24	82
47	59
396	70
101	13
316	55
193	131
159	134
267	26
454	70
287	131
75	109
129	46
229	67
9	88
246	103
231	47
249	79
105	88
432	52
295	106
193	13
91	124
207	18
343	73
231	23
187	100
466	138
379	97
7	51
45	109
203	32
354	132
54	37
302	5
11	84
221	88
112	82
96	124
30	135
71	91
203	41
19	49
58	64
227	23
427	52
5	43
287	9
184	22
187	114
431	106
289	133
355	57
98	124
310	55
171	138
332	4
208	67
376	133
91	130
499	6
323	9
333	82
287	36
79	65
258	73
414	124
343	98
225	61
382	137
166	16
440	134
178	58
126	34
454	121
183	98
171	107
141	73
15	3
5	62
149	124
407	4
288	43
437	13
58	10
250	100
285	134
482	85
402	13
11	96
348	85
32	67
83	88
359	120
79	3
63	112
73	55
255	126
171	54
83	11
221	2
485	49
288	132
345	118
314	6
75	16
384	131
111	130
175	5
303	63
405	124
111	47
226	64
115	72
355	34
207	52
231	53
35	6
426	70
15	54
276	16
122	100
13	13
293	5
416	5
103	56
167	124
9	85
385	3
3	103
259	100
311	128
83	2
159	110
1	132
363	10
332	82
391	71
329	118
451	28
282	25
62	112
313	61
274	34
202	127
374	5
166	4
156	79
13	7
92	64
434	10
292	139
216	5
5	52
263	28
282	135
51	53
243	36
184	73
183	131
498	129
406	46
431	5
333	6
314	135
79	106
110	118
125	7
199	106
460	137
5	70
179	8
389	1
139	3
395	34
50	25
171	37
145	10
164	91
27	128
155	98
43	127
294	130
419	21
95	98
84	118
490	46
330	55
426	5
179	132
432	22
31	15
462	19
51	28
471	93
331	111
3	69
71	37
67	44
194	121
479	17
187	74
360	139
437	118
263	114
279	6
111	102
129	138
106	67
4	29
367	113
295	70
327	103
68	5
453	1
131	62
366	76
489	97
341	28
238	88
21	73
108	124
355	106
363	91
287	52
140	49
30	112
109	115
491	95
391	103
185	94
279	47
179	0
87	113
291	108
407	21
389	40
483	0
103	32
142	112
247	13
436	19
97	67
296	19
243	124
439	48
345	132
98	43
53	64
108	28
271	86
493	97
31	65
192	131
162	70
59	4
487	47
71	83
410	13
169	100
211	94
34	131
70	134
429	76
139	19
179	131
187	29
387	76
87	110
139	25
65	137
86	79
420	124
96	52
227	63
93	79
121	106
344	52
33	64
291	45
389	4
153	97
148	94
231	52
195	10
399	83
67	60
17	4
411	43
459	122
127	33
223	92
269	73
395	93
341	106
316	124
112	134
83	3
375	139
228	0
425	16
459	57
471	37
319	128
95	31
240	55
349	46
185	6
151	67
167	110
340	46
117	118
199	132
279	105
356	82
392	58
466	131
385	115
36	70
411	96
423	94
470	130
249	16
28	97
283	34
311	110
172	118
183	3
455	114
338	133
415	68
72	121
17	55
145	136
137	1
458	85
159	131
39	6
199	65
197	73
347	20
403	33
435	132
347	56
10	22
223	50
496	96
252	3
27	24
18	43
203	70
88	137
234	131
495	67
299	30
463	124
183	47
15	37
323	113
118	136
61	94
373	100
237	79
153	0
430	55
359	96
55	117
67	89
133	37
173	67
103	72
494	26
298	91
136	55
46	55
195	64
350	133
159	16
115	66
163	103
98	70
240	127
82	121
72	61
494	1
347	1
189	16
270	61
469	115
19	83
358	37
179	56
123	112
432	115
52	106
67	125
243	98
71	45
479	21
319	93
388	61
315	105
211	109
156	55
187	134
261	6
78	127
131	105
376	7
438	40
351	49
336	1
431	113
91	115
488	1
25	2
151	34
310	46
329	64
44	132
499	101
440	5
67	136
116	88
16	131
336	130
115	107
70	43
378	124
5	128
327	132
221	91
124	34
188	133
70	91
96	6
275	67
249	49
217	70
99	22
42	131
305	97
401	76
497	134
37	3
245	2
43	112
328	5
171	120
107	38
231	7
171	34
263	52
115	116
220	49
404	40
309	73
405	97
316	67
498	31
112	79
382	37
7	29
463	118
239	99
464	25
227	138
314	134
342	134
88	130
68	79
373	4
452	109
7	76
246	31
323	109
51	138
39	9
371	89
42	34
420	37
425	137
495	47
447	59
359	20
415	81
190	55
132	7
299	70
163	90
476	2
203	2
455	0
15	102
19	121
200	16
35	42
351	9
395	70
487	11
19	89
483	8
5	41
219	93
491	113
43	99
425	28
0	88
86	85
106	6
423	111
491	103
134	115
496	94
76	70
138	136
24	136
338	73
476	67
367	121
127	125
7	87
320	138
284	10
407	111
368	67
447	120
248	3
68	91
160	37
31	103
184	85
122	79
403	36
170	91
332	49
397	134
79	5
209	19
363	13
60	76
471	96
238	115
255	70
306	5
483	31
289	137
384	106
203	118
349	13
147	19
67	106
168	13
183	116
495	135
104	133
59	107
54	121
51	62
227	49
325	4
382	16
333	43
352	136
153	82
312	19
427	115
464	130
489	133
268	132
147	16
111	116
147	106
186	2
232	97
139	26
199	56
229	79
271	26
267	61
147	43
341	43
418	43
155	69
464	70
497	53
287	18
11	100
293	73
342	13
27	134
140	134
215	30
186	85
99	83
497	135
189	64
415	82
10	127
302	16
397	127
180	13
343	119
238	106
17	49
187	8
363	32
410	118
114	13
287	56
319	40
354	82
370	115
10	109
422	34
38	73
167	43
320	19
247	124
293	70
175	123
492	43
68	127
172	121
5	23
444	13
71	121
446	118
133	61
397	118
427	104
9	82
124	118
139	129
35	7
333	1
401	67
333	121
291	134
410	124
140	85
271	133
200	82
209	40
149	16
277	73
330	88
107	68
31	55
179	74
331	24
220	100
250	64
76	25
412	7
91	20
31	81
14	100
115	138
435	21
243	112
327	102
67	131
86	97
275	108
445	138
443	75
120	6
172	73
409	55
357	124
493	126
211	77
389	130
496	93
279	123
68	70
120	118
25	139
114	49
319	75
387	74
343	38
415	99
200	139
67	65
214	0
216	25
115	125
121	103
295	83
185	133
455	96
243	63
373	88
255	120
276	52
487	15
411	22
87	127
34	55
335	86
289	106
186	28
121	109
416	31
394	67
445	100
408	88
11	120
492	103
449	106
170	85
51	32
368	31
182	0
242	0
497	100
280	121
478	52
168	135
425	3
362	3
268	22
341	6
341	112
355	118
12	88
295	90
362	40
326	10
383	133
333	58
183	90
171	62
331	8
282	73
285	112
202	6
24	94
107	31
379	51
24	3
91	76
346	139
160	3
492	71
39	39
92	133
453	55
59	67
392	106
202	49
132	16
403	81
11	76
139	23
207	58
175	104
203	20
163	127
235	8
114	135
47	82
391	100
4	5
159	132
411	65
171	27
171	47
289	7
492	99
223	126
70	82
109	7
497	85
265	135
212	76
74	135
179	47
247	126
335	50
314	130
107	55
292	25
447	90
63	95
353	16
458	6
414	88
223	45
283	112
260	133
87	130
382	7
296	37
320	132
467	94
101	7
491	30
368	103
230	76
211	50
88	138
337	6
351	95
186	58
121	115
361	55
130	5
155	29
54	58
373	6
251	8
215	96
248	138
494	109
334	94
353	103
497	8
46	88
452	130
319	130
23	7
159	87
0	130
239	80
312	67
179	77
494	111
255	81
379	100
52	49
238	131
194	70
363	102
340	76
494	119
247	103
425	133
77	118
91	36
297	76
358	130
115	71
30	138
370	91
4	109
167	52
225	3
419	96
252	52
257	91
295	48
407	118
467	29
159	55
255	139
456	31
84	115
406	40
461	49
116	97
138	100
257	34
363	68
243	8
455	16
61	19
83	93
490	22
151	108
484	64
380	118
494	3
24	49
94	52
154	79
220	67
244	34
367	24
219	111
291	119
387	4
123	15
432	135
328	0
219	39
166	25
211	51
467	83
323	131
330	31
452	22
35	2
172	46
6	115
282	16
262	85
43	90
11	66
267	121
282	121
347	98
236	106
459	28
184	127
440	112
350	103
357	103
271	104
6	135
242	67
161	34
403	57
180	131
285	13
50	124
20	73
28	134
409	40
324	124
56	6
368	115
121	118
411	139
75	119
15	21
189	136
299	18
467	56
137	100
403	125
195	86
93	97
385	13
229	118
471	46
280	88
127	49
467	31
227	106
371	60
38	109
7	83
123	52
374	73
273	79
92	132
272	127
98	67
184	121
154	134
419	24
127	46
5	0
8	31
306	103
397	40
44	134
266	37
351	85
377	10
274	3
363	132
384	0
25	124
471	73
35	87
447	78
92	100
297	40
0	115
217	6
143	4
383	134
422	6
220	7
134	28
455	22
199	28
87	90
75	133
33	28
275	55
92	76
362	88
259	53
238	82
226	58
115	13
123	10
411	50
55	131
116	19
36	103
110	28
239	111
399	52
452	121
65	31
96	115
240	46
32	100
309	97
291	39
375	46
414	46
467	136
432	82
475	78
438	131
4	82
453	88
365	70
155	33
9	131
444	133
90	124
186	121
284	28
314	121
127	120
19	41
383	79
177	16
411	133
446	132
483	119
126	46
127	121
267	54
28	64
131	19
110	103
375	31
215	18
278	55
198	124
419	12
131	116
494	130
183	16
387	35
471	105
79	116
214	10
216	88
395	66
303	108
255	14
235	44
373	34
101	31
469	13
419	61
411	12
268	97
222	85
186	0
231	121
444	85
435	81
99	115
233	4
51	14
124	79
222	67
403	24
114	88
464	136
428	16
6	23
195	131
463	129
306	31
49	109
73	19
236	55
70	106
342	121
447	34
382	73
495	8
492	29
352	85
171	123
31	97
133	136
479	98
307	7
65	19
135	96
435	53
142	3
327	86
315	10
233	49
272	10
431	138
81	106
217	16
127	29
48	73
112	76
4	138
443	111
478	31
198	133
388	70
268	4
152	103
53	130
423	76
154	46
15	4
491	76
291	56
77	76
487	91
38	13
427	58
120	28
201	121
227	46
219	31
498	52
320	67
155	96
120	13
350	67
356	130
99	103
3	16
59	69
299	69
280	118
54	76
498	74
292	136
6	5
470	52
51	27
453	37
136	97
333	13
67	18
441	121
329	85
471	72
401	130
114	76
377	109
131	27
136	100
294	88
111	72
488	2
487	80
479	5
357	82
358	109
159	122
18	79
400	37
369	49
280	124
7	12
231	58
299	80
471	100
38	127
50	7
228	124
423	36
408	73
439	137
299	14
431	91
104	106
187	71
182	43
424	7
299	121
86	136
430	70
376	136
498	5
130	67
202	52
429	70
478	37
418	133
105	85
53	124
186	130
393	76
67	20
112	112
143	94
431	47
222	5
154	28
95	68
232	112
291	48
150	79
347	8
284	16
291	71
492	87
115	38
32	82
42	106
49	67
172	6
289	49
495	22
9	16
226	40
497	36
394	112
194	138
296	97
67	49
99	6
340	138
21	131
382	43
323	112
479	6
438	85
464	118
68	3
191	86
343	101
293	100
375	42
42	49
67	83
302	67
18	61
487	127
51	105
422	5
294	132
261	37
65	22
203	106
7	28
409	127
424	106
63	115
366	5
268	61
167	136
151	96
82	88
336	94
347	67
143	91
224	88
300	58
91	93
10	88
120	130
41	3
55	132
469	70
307	29
399	75
252	133
431	20
238	121
231	105
187	61
303	49
272	67
267	8
367	38
463	3
361	43
295	53
99	87
5	32
124	106
349	43
361	49
71	86
375	15
137	34
251	121
281	85
340	64
91	48
352	43
227	35
157	70
23	57
43	69
55	60
273	115
315	36
70	132
302	43
10	76
194	132
126	135
27	80
87	106
361	115
467	47
346	97
5	89
59	44
443	98
197	31
295	134
327	45
3	95
438	91
140	79
323	44
343	25
16	106
465	49
145	2
45	34
448	4
65	139
191	100
283	130
346	127
283	19
352	132
47	108
493	56
2	73
363	62
415	11
4	39
79	102
213	112
183	46
234	127
219	25
451	123
35	23
177	130
383	7
235	43
366	100
345	130
295	39
51	36
457	124
451	104
421	28
51	115
228	121
411	63
156	124
311	40
272	46
152	52
371	55
163	132
473	135
5	11
292	103
455	48
464	88
207	96
115	97
78	67
467	130
94	124
407	66
371	75
246	76
241	109
196	133
315	131
334	100
331	65
198	136
201	4
124	100
23	113
51	79
214	31
388	82
271	112
139	91
110	7
485	118
331	64
263	123
349	136
280	58
243	82
245	88
277	31
20	124
355	80
457	13
415	14
107	27
83	12
387	129
442	73
235	16
235	19
206	79
25	49
378	121
77	58
391	108
434	4
242	6
261	106
181	88
21	61
251	67
454	49
5	138
204	135
491	84
187	6
197	130
74	103
25	70
19	97
127	32
399	54
197	25
124	76
446	25
88	106
278	133
15	112
498	59
414	112
458	19
335	82
464	138
494	17
303	52
249	109
251	111
350	124
207	72
206	91
230	13
472	121
190	112
107	58
430	136
78	97
36	85
364	7
461	31
423	119
475	9
42	31
405	37
413	70
221	85
207	31
469	5
205	31
455	23
316	58
286	73
236	43
462	88
375	85
459	125
275	58
435	134
495	136
311	70
75	18
169	118
291	120
119	114
263	95
454	55
351	55
475	28
43	58
439	111
183	102
95	32
483	48
151	100
439	139
234	4
34	124
491	27
467	135
236	49
426	16
334	61
398	97
94	127
215	61
395	60
323	18
19	0
33	16
103	136
107	12
3	34
411	82
267	40
187	53
425	6
450	136
493	49
207	116
215	71
48	121
101	100
162	79
102	103
0	121
347	82
365	135
143	135
183	132
10	28
269	64
211	43
323	106
347	19
175	24
399	102
83	95
113	46
252	82
96	5
355	81
208	109
331	37
37	79
163	41
459	92
478	91
479	139
364	97
465	4
55	127
176	43
143	70
371	82
34	3
397	49
297	112
134	22
26	31
495	38
350	2
351	24
79	76
263	11
276	31
202	1
312	132
465	31
398	100
283	94
303	37
178	124
489	73
176	127
1	40
431	130
218	13
115	32
129	133
418	138
222	100
199	75
275	106
390	85
275	36
284	58
6	106
333	115
483	57
16	97
461	55
43	59
156	22
244	3
77	103
26	58
405	22
280	130
196	124
339	31
261	55
474	124
177	6
179	32
153	133
447	89
219	6
407	120
51	125
335	46
419	43
429	137
370	79
424	55
6	78
185	112
27	2
413	88
52	46
463	103
362	46
496	88
403	0
131	22
373	82
463	116
477	109
353	76
271	128
99	109
443	34
101	67
351	78
52	138
79	99
102	2
493	73
335	113
401	134
44	85
170	133
453	6
159	119
107	75
24	100
87	23
44	91
426	132
175	107
189	112
431	84
235	27
79	69
308	88
494	22
306	97
206	118
274	58
132	76
202	31
95	28
387	25
362	34
291	2
399	129
482	16
151	46
463	41
85	85
451	23
339	99
231	12
152	37
55	86
143	33
15	53
305	118
286	130
395	136
487	48
178	49
439	82
165	88
254	28
136	22
190	7
165	61
122	31
468	91
191	98
367	90
391	109
180	85
460	118
86	13
355	104
308	55
333	46
349	94
387	14
287	35
455	18
314	136
287	88
45	73
359	37
295	14
296	7
313	64
315	68
251	91
465	115
488	67
292	13
82	31
447	82
5	93
192	132
473	82
142	137
46	22
445	97
297	49
11	94
133	58
125	130
446	106
467	124
451	89
46	67
453	138
102	64
372	130
51	42
336	109
456	61
303	133
137	52
496	126
7	86
445	3
63	87
228	37
307	5
290	40
229	115
363	14
457	130
232	61
280	2
375	38
27	69
371	130
221	31
467	80
346	64
391	10
350	112
434	115
195	120
135	68
352	79
467	73
481	85
407	6
61	115
69	1
279	40
166	37
5	3
447	136
284	64
384	4
139	104
123	0
31	102
479	92
375	108
203	60
207	131
447	9
355	132
399	1
64	134
387	86
283	118
79	77
407	52
305	82
65	109
26	52
460	64
179	108
471	54
378	82
412	79
395	80
231	106
236	118
179	54
498	51
55	98
251	23
166	133
308	97
293	127
66	28
149	22
419	0
177	49
424	5
127	134
324	135
61	67
434	1
482	64
166	19
493	9
301	0
331	109
51	104
142	138
239	88
293	118
292	82
375	106
40	79
395	119
115	48
291	12
343	64
337	127
147	9
391	13
305	22
95	116
332	25
151	69
387	95
355	113
499	114
495	60
337	37
187	91
19	69
167	24
286	127
258	58
179	13
159	34
204	132
484	16
187	89
82	94
327	110
196	94
307	59
22	135
231	81
136	118
483	64
360	97
3	61
397	0
61	138
91	132
11	89
479	117
100	109
79	103
381	130
41	134
81	25
185	88
103	89
293	130
312	103
351	59
390	130
303	25
343	130
175	10
437	61
55	88
327	46
261	64
195	35
424	76
104	2
160	1
494	81
42	40
415	96
275	130
215	63
377	124
491	98
115	15
103	98
235	78
220	139
413	64
104	22
235	0
276	79
215	43
207	134
179	115
167	2
191	30
386	7
299	66
73	136
193	73
207	133
250	97
456	121
483	118
203	7
187	51
22	64
265	76
440	124
108	76
439	10
241	61
132	67
203	101
445	58
389	132
271	50
203	17
133	135
342	70
99	91
220	6
55	113
125	61
433	136
383	19
189	132
67	55
291	18
360	135
182	10
215	3
207	45
347	128
111	54
107	7
360	5
206	85
167	60
265	94
78	94
273	97
453	19
399	43
199	117
0	9
324	3
343	1
355	116
55	16
250	137
42	19
422	91
20	31
37	4
285	46
145	19
178	70
362	49
288	88
142	133
415	69
232	5
125	25
367	6
181	19
316	64
253	25
159	50
457	43
7	0
392	55
345	31
13	43
222	132
363	118
71	103
335	43
404	136
227	128
467	44
479	77
411	77
359	102
364	133
110	52
17	88
27	96
493	101
227	122
282	91
426	131
255	136
67	88
304	43
339	116
438	4
15	9
387	81
23	75
182	25
234	7
233	94
439	124
495	17
271	110
271	2
343	86
496	23
270	97
243	119
67	25
35	52
202	79
19	88
440	70
464	28
434	46
259	68
361	25
396	10
103	85
33	85
127	11
270	31
147	38
131	81
95	96
259	31
343	71
50	112
350	115
162	28
111	87
275	72
332	3
32	3
39	8
279	18
433	67
214	118
70	135
31	25
251	57
380	43
274	79
451	27
488	64
110	19
393	132
53	61
95	95
107	16
463	69
111	107
127	17
359	136
476	97
309	131
27	11
498	87
391	56
327	72
495	98
415	47
25	37
324	19
299	53
212	73
7	125
379	90
34	94
207	83
44	22
145	31
314	55
496	71
5	14
107	57
117	127
179	14
417	136
475	8
493	61
393	82
49	127
239	127
344	94
162	55
481	130
473	64
499	30
82	112
1	102
19	37
392	118
458	46
435	83
481	0
201	82
247	134
393	46
264	76
3	97
282	5
406	7
210	3
320	82
403	110
87	57
202	115
138	34
208	130
223	49
138	67
132	79
7	73
103	78
237	73
70	58
109	132
445	22
297	55
302	121
454	76
336	7
311	6
278	82
137	85
78	132
209	127
4	78
323	99
159	118
165	103
250	61
362	61
243	27
363	113
87	8
414	22
418	109
26	61
173	85
43	118
23	10
182	58
274	13
347	74
247	79
254	58
309	70
109	10
492	114
331	134
377	94
85	106
3	38
